epoch	loss	time
0	0.025048521655692508	0.9646127223968506
1	0.020168384786604227	0.954911470413208
2	0.0177485559201582	0.9433863162994385
3	0.01655772521702703	0.942338228225708
4	0.015791349684177773	0.9465932846069336
5	0.015497240180615728	0.94590163230896
6	0.015404074756458414	0.9340095520019531
7	0.015233257084005303	0.9383740425109863
8	0.015306929429238246	0.933558464050293
9	0.01527286730800844	0.9254477024078369
10	0.01525091251206177	0.9295120239257812
11	0.015230564882299331	0.9255170822143555
12	0.015065182430360532	0.8986921310424805
13	0.014931952340721382	0.9198927879333496
14	0.015075388533183277	0.9016702175140381
15	0.015032256161754836	0.9117863178253174
16	0.015027287333776897	0.9226157665252686
17	0.015017847102935715	0.9235212802886963
18	0.014818653100261994	0.9293882846832275
19	0.014970557772018575	0.935593843460083
20	0.015020517913252743	0.9195597171783447
21	0.014933654311934538	0.934516429901123
22	0.014933028538486189	0.9177210330963135
23	0.015019130084126961	0.9312574863433838
24	0.01496655517198905	0.9586086273193359
25	0.014990713080138647	0.9991939067840576
26	0.014953913162411413	0.9314079284667969
27	0.015070357640048689	0.921844482421875
28	0.014898135467246488	0.9516258239746094
29	0.014986015008895862	0.9685215950012207
30	0.014898378605991225	0.9654498100280762
31	0.014928872683717107	0.9383711814880371
32	0.01473300087421806	0.9534494876861572
33	0.014778725721299799	0.911057710647583
34	0.014623034371984235	0.9061667919158936
35	0.014780828605304773	0.9427454471588135
36	0.014519868624140057	0.9453423023223877
37	0.014686777296443897	0.9394092559814453
38	0.01452203538102469	0.973717212677002
39	0.014527772189994369	0.9732809066772461
40	0.014520704997318978	0.9699974060058594
41	0.014366396756963561	0.9281070232391357
42	0.014337746556707059	0.9694573879241943
43	0.014529948989784608	0.9390091896057129
44	0.014419543010001435	0.9798703193664551
45	0.014290032712169927	0.9239094257354736
46	0.014454095526312015	0.9779832363128662
47	0.014458802636169846	0.9366393089294434
48	0.014375210410923945	0.9416954517364502
49	0.014186187160045235	0.9411866664886475
